Homes:
  cee5ff57-e3bd-3f68-a09a-0a02c9da0028:
    X: -6.7781329940497885
    Y: 60.0
    Z: 601.5517988471438
    Yaw: 27.320251
    Pitch: 27.78679
    World: world
  65c9c8a4-f41e-39d3-9a8a-ae33edc99ef6:
    X: -566.4279385921631
    Y: 64.0
    Z: 294.6521487901757
    Yaw: -315.37604
    Pitch: 13.199383
    World: world
